6.00570166740649e-06
2.06306014428554e-06
3.39757723276404e-06
6.542695372619e-08
6.96261092292568e-06
8.80420954999573e-07
7.29570273075339e-07
1.53432192504812e-06
5.64420954368893e-06
4.95070522438012e-07
4.02649215241345e-07
8.94043891134873e-07
1.64173425542323e-06
5.79446226826005e-07
1.75761799396516e-06
9.28463869949762e-07
8.43837694384899e-07
5.2242346910734e-07
2.03748986922492e-06
1.85940137234917e-07
2.42601144593602e-06
8.42491513138275e-07
5.44805047760877e-07
4.39974257989005e-07
7.12877616842195e-06
2.61985199251035e-06
2.97395336147304e-06
9.94971007908026e-07
1.54726440555644e-06
2.18054249085677e-06
7.73425769759056e-08
1.85801201299627e-05
4.87228111573049e-06
5.24966625629016e-06
1.40712387656948e-07
5.06124855707032e-08
3.85865676041433e-07
6.43680982208867e-06
1.87170896804233e-06
1.9386275148059e-06
8.15727938636023e-08
1.76396216994729e-06
3.63205297043883e-07
2.22156455983356e-05
7.40599227731695e-07
4.48830392082367e-07
3.27959886438013e-06
2.59289201392597e-06
4.93744354043908e-06
2.66917009376851e-06
2.55281238895344e-07
4.62821013555838e-06
4.43722205244777e-06
1.39021009450589e-06
2.81597139921155e-08
7.42469363750835e-07
1.5037080523297e-07
1.62768995106486e-06
1.00747998896174e-08
1.29807312634109e-07
6.09680427043407e-07
3.89048321498204e-06
6.79261474186549e-06
8.55247070841751e-06
1.43891009310602e-06
7.74351880343613e-06
3.36396955623249e-06
2.00886527724272e-07
2.91175315652016e-06
2.60389624189772e-06
2.67756607945897e-07
7.88652415208437e-07
3.61384728580454e-06
1.7587606761501e-06
2.44319592799983e-06
1.89584945208748e-06
3.09488227965403e-08
1.3600313480829e-06
3.36761125738456e-06
3.09035844436712e-06
4.03680266335613e-07
2.75490948860212e-07
2.03027004425199e-06
3.35497204446976e-07
2.85262229504363e-06
8.52105106660681e-09
2.41793979843379e-06
1.99306810946316e-07
1.94714164108425e-07
1.13722479038215e-05
1.03938575741064e-06
2.79535040978917e-06
7.44315845953625e-07
2.19016365031764e-07
1.68083624824264e-07
8.23025404162482e-08
4.99545801463149e-07
4.05356985777239e-07
7.03067877237943e-08
1.908210523852e-06
