1.67279971611829e-06
1.41339831490213e-07
6.99927957459598e-06
1.08251108301658e-05
4.03750055601758e-06
1.68030524282548e-07
3.14758102213766e-07
9.29943881166643e-07
6.30520542582057e-07
8.06304003990158e-06
2.19180307776354e-06
5.68449838575588e-06
1.51020266307467e-07
9.66963933047521e-09
3.16614700500609e-07
3.44852516318791e-06
2.01100592241185e-06
1.74867791504418e-05
9.6792313032754e-07
2.11928222150669e-06
2.39268680573273e-07
1.82640903923126e-05
2.1623258827326e-07
4.87268842615529e-07
4.54601821452228e-07
5.40576907435035e-07
1.12375574747454e-06
6.72921928273486e-07
2.3749461894208e-06
5.94656778970658e-06
3.12590695014701e-07
1.00461799979133e-06
6.09459571714808e-07
3.71543751677793e-06
2.11288441298967e-05
5.96113415627427e-06
7.28363931585967e-06
3.50760762308759e-06
4.57714867298331e-06
4.45762078707158e-07
6.66966597097466e-07
1.76325488939803e-06
5.97122415977941e-07
3.08643798213178e-06
1.59983526102668e-07
6.66566632089505e-08
1.50112777182772e-06
2.88377440089691e-06
1.35762767283162e-06
2.03828780769839e-07
2.28021914462082e-06
1.60872245875643e-06
3.46656521219363e-07
2.00218077869663e-06
1.10206374728457e-06
6.71095896068989e-07
2.23174804999536e-06
1.88876863410785e-06
1.59395401451906e-06
1.91204607542108e-06
4.37518967169195e-07
1.97447954397015e-06
4.77528417950533e-07
3.42563890154963e-06
9.95951961501394e-06
2.21796776826193e-06
8.95971364507818e-07
4.22427667330865e-07
3.03797898482175e-07
6.06727968099152e-07
1.7923958181468e-07
3.61621125409618e-06
7.7706698687509e-06
2.02506778053217e-07
1.79486194377415e-07
1.51817193047227e-07
7.04294516317454e-07
3.09144520540646e-06
1.85890880981526e-07
6.64220360094908e-07
5.61006761549995e-07
6.23180244203034e-07
1.73862052042924e-06
1.07859208566264e-06
1.23640405615358e-06
2.40204004930603e-06
5.58194663720703e-06
1.04392609051232e-06
1.5676754821315e-06
4.25270263311386e-06
1.31325452688321e-09
1.50361677968424e-07
1.20953970232442e-06
7.91747168820991e-07
2.85636289044765e-07
2.51072345220571e-06
6.24563958127934e-06
5.26939377044698e-07
1.02687545581255e-05
3.00321572505953e-06
