6.73131241114565e-07
7.4184247788718e-07
3.58451087806201e-07
2.47687749560153e-05
1.3759305654954e-06
1.55788098599542e-07
5.82972222050556e-07
1.86461898611706e-07
5.1172107733418e-06
7.47112386648288e-07
1.36473534624876e-06
2.95838545636242e-06
9.93785967860117e-07
1.89077735315402e-06
2.92753996068835e-06
9.67321348122209e-07
3.36387483837351e-06
8.99877951708637e-07
1.5779152788402e-07
2.42216774411956e-06
1.04598585810623e-06
4.89380860405911e-06
1.39914392738572e-06
2.12110268455758e-07
5.0946501032721e-06
2.89773560007564e-06
2.8796918052964e-07
2.44867840825244e-06
5.69402865379915e-06
2.68990790533994e-06
4.7399882974523e-06
7.3956757050256e-06
7.4867516827942e-06
1.72822279450054e-06
6.11533871147905e-07
4.52553182845266e-06
1.55087002091653e-06
4.40813102405403e-06
1.02294605726815e-05
1.4459096586525e-06
1.01028115205295e-07
2.34833940490622e-06
6.05204274415227e-06
1.80799504753097e-06
9.8446509602476e-07
1.86182300914294e-06
1.82112065658389e-06
1.36420195647564e-07
2.95186142548254e-07
5.64576471798333e-07
1.41562032834011e-06
3.70799968918243e-07
8.78211538867741e-08
1.01998238061878e-06
5.50794799627137e-07
9.4682880114767e-06
1.01124920634441e-06
8.99215845563452e-07
1.43581441565982e-05
8.31787039433738e-07
4.16391187102906e-06
1.97142024429715e-09
4.23518431866862e-06
3.1882239583113e-06
9.35314039977036e-07
1.00828795827551e-06
8.71991622650988e-07
5.7214742781251e-06
7.16713790714489e-07
1.6338773378865e-07
9.53451391600721e-07
1.52428200903243e-08
3.95246110512778e-06
1.00650751221717e-06
9.96580714402177e-06
5.99768162600967e-06
1.99355003868993e-06
1.65933076875295e-06
6.82019476672672e-07
6.88772222825528e-06
5.0047986418241e-07
3.01776168212699e-07
3.25641406026164e-07
9.19087593768245e-07
2.59934627442144e-06
1.16697450775644e-06
2.09345862264124e-06
5.83462393875139e-07
3.10295959279978e-06
2.23033778751812e-06
1.00351863379087e-07
3.06225860479472e-06
1.50385756410212e-06
4.31813486772909e-08
6.55946612715747e-06
9.40690299824577e-08
1.15390288012722e-07
1.50220116749459e-06
1.36142523546742e-06
3.5654066598501e-06
