1.85787376015447e-06
2.09073042729576e-07
6.64295602894045e-07
3.47511490569115e-07
3.0000608094049e-06
1.39623875042028e-06
1.91750696617242e-06
4.68444445526951e-06
1.74005169617013e-06
1.17857859550584e-05
8.4260670416894e-07
4.23001135816672e-06
2.1418070029061e-06
1.85763756527741e-06
2.68941690827254e-08
1.95893691765384e-06
1.07526957325431e-06
1.00311712287082e-06
1.78070938735467e-06
1.61173050091086e-05
2.33245492531899e-06
1.10583513172359e-07
2.4617386218308e-06
5.16382072437637e-07
3.53250829736804e-08
9.09458709293142e-08
1.82831260736305e-08
8.38175323474863e-06
8.41307428404089e-07
6.65635105374181e-07
3.35784737423363e-06
4.10188760224132e-07
2.76454726121849e-06
6.14694674657055e-07
1.28840371545456e-05
1.14574026626701e-06
6.08695447836768e-07
1.36367060245868e-06
1.05472903198901e-06
7.78827738696718e-06
3.11372665674784e-07
4.23266384343345e-06
1.61894371191627e-06
3.64267338761456e-07
9.94319147755231e-07
5.76994792238567e-06
1.25001288027379e-06
2.251514325969e-06
1.53861912067428e-07
2.88887271136719e-06
5.66262491933804e-07
1.01538084170388e-06
3.47894295959371e-06
5.51447108334147e-07
2.94402691421859e-07
5.54818139468938e-06
9.15382782524188e-07
1.30064721235179e-06
4.65157624713828e-07
2.92391127634116e-07
1.69462517687864e-06
1.10832606194401e-06
1.12751083729991e-05
9.0579881380569e-07
1.03510788145014e-06
1.13475566677804e-07
6.14244497432596e-07
7.84948193056188e-08
1.48482587671282e-07
3.21009205042559e-06
6.19210234929532e-07
1.19246915495362e-06
5.40498464719509e-07
4.50260866006511e-06
1.30638509576172e-07
1.89764449825035e-07
2.54548342350867e-07
1.16393278456711e-06
2.40926937956528e-06
4.06685286334313e-06
8.63895944678045e-07
6.55165669529025e-06
1.37952321197179e-05
1.42110032695589e-05
2.53032831556961e-06
4.90726147538343e-06
5.70564428397765e-06
9.5037716805411e-07
2.99100712020934e-06
1.4794210392746e-06
2.43731683343056e-06
7.45590069273643e-06
9.20464473251416e-07
3.33060655929225e-06
4.74918486657573e-07
5.5380243626206e-07
1.05188058625154e-06
4.01818356586232e-06
7.02598383428846e-06
6.03544019862792e-08
