1.735968290515e-06
3.48187475371673e-06
3.72392875589538e-06
6.79217300390628e-06
3.07761688957519e-06
4.09201910967891e-08
9.89092727220323e-07
4.31545728297829e-07
6.95414269653144e-07
9.96102331359575e-06
9.88527182758278e-07
5.14088210344414e-07
1.17045377929305e-05
3.66134949246052e-06
1.47414787572705e-06
1.22967516214317e-06
2.86336724653584e-08
3.6984708044354e-07
6.31882173987577e-06
2.29654690655156e-08
1.1106921971255e-06
3.29924855938404e-06
1.14033763739123e-06
4.58491376014149e-06
1.74275483580202e-06
3.86358092525955e-07
5.60062788377798e-06
5.93612233363314e-07
2.4365855481917e-07
5.76558242738286e-07
7.25510403146795e-07
1.08876232466198e-06
4.25222620278069e-07
8.54588796845557e-06
1.05627879083885e-07
1.31334339116282e-05
2.22901506438009e-07
1.15983379361032e-06
3.47636447626978e-06
3.23573051925761e-06
1.79238825843263e-08
1.81605141308231e-05
1.48782738059012e-06
2.22004217349657e-07
7.07341928990047e-07
4.2820308418635e-06
1.10178814298373e-05
1.43593274833898e-06
5.99942201948351e-06
3.86576975130874e-07
6.11558700479851e-06
5.26591258187041e-06
1.22903562199091e-06
1.1015157676571e-07
1.99954512300638e-06
1.26960881627013e-06
3.87007063541438e-06
3.28357463663202e-06
3.46695241512292e-07
1.58327341660462e-06
6.32566549010499e-07
8.81139797718057e-08
9.87087062568143e-07
2.00745746037697e-06
1.00695771416588e-07
3.97581371516029e-07
1.25536099564426e-06
1.30573950778998e-06
1.64160004489904e-07
3.6680978839559e-06
2.62855226714722e-07
3.84825844772326e-06
2.56456569310095e-07
2.13435902550798e-06
6.45287209446809e-08
1.32408497199687e-05
7.31853112768925e-09
6.36881924561717e-07
4.36594180215097e-06
1.84173530374148e-05
6.69568870094878e-07
2.01906862738674e-06
1.82586279793354e-07
1.53128893418803e-06
4.39529052415341e-06
5.775077344266e-07
6.67092054984897e-07
1.44290380543901e-06
4.45858084372328e-06
2.80490042232012e-07
6.63522477431087e-06
4.51890505341301e-06
1.10184365246687e-06
3.46880617232225e-06
4.22054110677107e-07
4.12220936643416e-08
2.2445718485623e-06
1.00982113312428e-07
5.57997014851179e-07
6.35452739881132e-06
